function cmap = SDK_redgreencolormap()
%REDGREENCMAP creates a red and green colormap.

        cmap =  [    0.4882    0.0020    0.0020;
    0.5166    0.0046    0.0020;
    0.5449    0.0076    0.0020;
    0.5733    0.0108    0.0020;
    0.6016    0.0144    0.0020;
    0.6300    0.0182    0.0020;
    0.6583    0.0224    0.0020;
    0.6867    0.0268    0.0020;
    0.7150    0.0315    0.0020;
    0.7434    0.0366    0.0020;
    0.7717    0.0419    0.0020;
    0.8001    0.0475    0.0020;
    0.8285    0.0534    0.0020;
    0.8568    0.0596    0.0020;
    0.8852    0.0661    0.0020;
    0.9135    0.0728    0.0020;
    0.9419    0.0799    0.0020;
    0.9702    0.0873    0.0020;
    0.9986    0.0950    0.0020;
    0.9988    0.1284    0.0022;
    0.9990    0.1619    0.0025;
    0.9992    0.1954    0.0028;
    0.9995    0.2289    0.0030;
    0.9997    0.2624    0.0033;
    0.9999    0.2958    0.0036;
    1.0000    0.3293    0.0038;
    1.0000    0.3628    0.0041;
    1.0000    0.3962    0.0044;
    1.0000    0.4297    0.0047;
    1.0000    0.4631    0.0049;
    1.0000    0.4966    0.0052;
    1.0000    0.5300    0.0055;
    1.0000    0.5635    0.0057;
    1.0000    0.5969    0.0060;
    1.0000    0.6338    0.0060;
    1.0000    0.6706    0.0060;
    1.0000    0.7075    0.0060;
    1.0000    0.7443    0.0060;
    1.0000    0.7812    0.0060;
    1.0000    0.8180    0.0059;
    1.0000    0.8549    0.0059;
    1.0000    0.8918    0.0059;
    1.0000    0.9286    0.0059;
    1.0000    0.9655    0.0059;
    1.0000    1.0000    0.0059;
    0.9647    1.0000    0.0059;
    0.8904    1.0000    0.0057;
    0.8161    1.0000    0.0056;
    0.7418    1.0000    0.0054;
    0.6675    1.0000    0.0053;
    0.5932    1.0000    0.0051;
    0.5189    1.0000    0.0050;
    0.4446    1.0000    0.0048;
    0.3703    1.0000    0.0047;
    0.2960    1.0000    0.0045;
    0.2216    1.0000    0.0044;
    0.1473    1.0000    0.0042;
    0.1187    0.9374    0.0038;
    0.0927    0.8743    0.0034;
    0.0693    0.8112    0.0030;
    0.0486    0.7481    0.0027;
    0.0304    0.6850    0.0024;
    0.0149    0.6219    0.0022;
    0.0020    0.5588    0.0020];

% cmap = flipud(cmap);
end